#Coor		Free	+/-		Prob		+/-
0.315000	3.207343	0.109266	0.000970	0.000167
0.385000	2.035564	0.081613	0.006527	0.000834
0.455000	1.469271	0.081280	0.016399	0.002134
0.525000	1.019713	0.070376	0.034075	0.003823
0.595000	0.532397	0.077725	0.075289	0.009283
0.665000	0.250567	0.079808	0.119083	0.014905
0.735000	0.000000	0.060682	0.179010	0.017189
0.805000	0.142193	0.056115	0.142042	0.012567
0.875000	0.317838	0.066210	0.106739	0.012115
0.945000	0.956355	0.060018	0.037775	0.003703
1.015000	1.503633	0.098561	0.015508	0.002558
1.085000	1.667670	0.096252	0.011876	0.001893
1.155000	1.415374	0.068192	0.017902	0.002013
1.225000	1.270628	0.065687	0.022655	0.002437
1.295000	1.283103	0.067082	0.022200	0.002659
1.365000	1.346428	0.066230	0.020027	0.002289
1.435000	1.412015	0.063326	0.018000	0.001887
1.505000	1.946453	0.071674	0.007546	0.000908
1.575000	2.724585	0.091951	0.002128	0.000343
1.645000	3.440867	0.067146	0.000664	0.000073
1.715000	4.285685	0.095718	0.000168	0.000026
1.785000	4.540212	0.120347	0.000111	0.000023
1.855000	4.357620	0.090550	0.000149	0.000023
1.925000	4.609107	0.112512	0.000099	0.000018
1.995000	4.963023	0.120678	0.000056	0.000011
2.065000	5.206393	0.127374	0.000038	0.000008
2.135000	4.793468	0.106221	0.000073	0.000013
2.205000	4.390690	0.099439	0.000142	0.000024
2.275000	4.259925	0.111782	0.000175	0.000033
2.345000	4.276035	0.115316	0.000171	0.000033
2.415000	4.407141	0.112725	0.000138	0.000026
2.485000	4.310552	0.118228	0.000161	0.000032
2.555000	4.370598	0.115024	0.000146	0.000028
2.625000	4.478945	0.123705	0.000123	0.000025
2.695000	4.780319	0.115540	0.000075	0.000014
2.765000	5.281361	0.117647	0.000033	0.000006
2.835000	5.466737	0.139755	0.000025	0.000006
2.905000	5.096771	0.114478	0.000045	0.000009
2.975000	4.938832	0.121848	0.000058	0.000012
3.045000	4.892175	0.117025	0.000063	0.000012
3.115000	5.075557	0.119268	0.000046	0.000009
3.185000	4.975819	0.139893	0.000055	0.000013
3.255000	4.517663	0.121202	0.000115	0.000025
3.325000	4.149228	0.119825	0.000210	0.000046
3.395000	3.851213	0.118144	0.000340	0.000070
3.465000	3.683661	0.131032	0.000447	0.000102
3.535000	3.439163	0.128679	0.000665	0.000152
3.605000	3.263865	0.130426	0.000885	0.000204
3.675000	3.117115	0.134029	0.001124	0.000257
3.745000	2.864363	0.133943	0.001695	0.000390
3.815000	2.636731	0.134495	0.002455	0.000561
3.885000	2.672671	0.128518	0.002315	0.000501
3.955000	2.857845	0.129410	0.001713	0.000374
4.025000	3.002037	0.147765	0.001355	0.000338
4.095000	3.046383	0.136465	0.001261	0.000281
4.165000	2.930279	0.130839	0.001523	0.000329
4.235000	2.693900	0.132916	0.002237	0.000483
4.305000	2.580163	0.128947	0.002691	0.000592
4.375000	2.497127	0.127375	0.003081	0.000627
4.445000	2.261734	0.115431	0.004518	0.000884
4.515000	2.114700	0.118724	0.005739	0.001165
4.585000	2.097474	0.125968	0.005902	0.001273
4.655000	1.966343	0.118205	0.007305	0.001404
4.725000	1.663211	0.123483	0.011962	0.002546
4.795000	1.507951	0.115205	0.015399	0.003061
4.865000	1.448825	0.105689	0.016954	0.003018
4.935000	1.569541	0.114173	0.013931	0.002662
5.005000	1.758142	0.117719	0.010250	0.002100
5.075000	1.883157	0.113364	0.008364	0.001618
5.145000	1.997617	0.117934	0.006943	0.001430
5.215000	2.277880	0.119926	0.004401	0.000920
5.285000	2.615318	0.117407	0.002542	0.000526
5.355000	2.998478	0.118076	0.001363	0.000282
5.425000	3.403136	0.119591	0.000706	0.000147
5.495000	3.828980	0.119320	0.000353	0.000074
5.565000	4.169852	0.120205	0.000203	0.000043
5.635000	4.395238	0.118677	0.000140	0.000029
5.705000	4.582176	0.117687	0.000104	0.000021
5.775000	4.775833	0.121497	0.000076	0.000016
5.845000	5.006715	0.121132	0.000052	0.000011
5.915000	5.307744	0.121155	0.000032	0.000007
5.985000	5.640304	0.127243	0.000019	0.000004
6.055000	5.846928	0.132923	0.000013	0.000003
6.125000	5.940224	0.143561	0.000011	0.000003
6.195000	6.163708	0.254706	0.000008	0.000003
#Window		Free	+/-	
#0	0.000000	0.000000
#1	-1.778780	0.022068
#2	-1.778739	0.104626
#3	-1.316810	0.112780
#4	-0.894101	0.113890
#5	0.811920	0.119101
#6	2.048944	0.137563
#7	1.740144	0.148795
#8	1.715146	0.154104
#9	2.214857	0.155022
#10	2.320135	0.155431
#11	1.671281	0.156396
#12	0.818699	0.165733
#13	0.201619	0.172486
#14	0.197358	0.175420
#15	-0.014548	0.168343
#16	-0.513215	0.161844
#17	-1.011853	0.159064
#18	-0.958664	0.156303
#19	-0.328990	0.164144
#20	0.839826	0.166615
#21	1.947259	0.167305
#22	2.813599	0.170737
